5634.69466216
4768.20368312
4442.64718816
4155.05173899
4155.71201407
4217.79936713
3996.72759006
3965.29871409
3699.93332297
4015.70295144
3705.84957552
3712.3050328
3931.22781979
3951.99348084
3628.09345
3925.89476607
3850.75136991
3904.11429645
3693.94125856
3745.47167534
3742.21410346
3705.5659522
3817.41420697
3550.87036311
3694.85907228
3676.2634284
3725.43011545
3587.78279069
3755.71038192
3848.3687435
3595.71773113
3721.45653109
3613.3575601
3679.59305359
3331.30803368
3695.85704532
3887.6626197
3568.45054024
3391.18563632
3301.74914905
3549.96647508
3582.70126539
3495.6838642
5088.40362043
