6712.38954377
6088.96965604
5680.24704414
5465.96029899
5408.34903287
5710.08645173
5372.16529639
5338.95370713
5291.10547448
5058.55965755
5098.66096388
5048.6933419
4959.77633131
4964.69043658
4927.81311766
4885.56585235
4796.10147907
4768.18161679
4905.03231942
4472.70672208
4947.86051457
4724.73578964
4815.13623247
4771.98617031
4633.14504686
4596.97005723
4853.50287259
4425.30705595
4761.24397389
4643.25499278
4429.88569762
4580.54470766
4659.14572756
4877.52352476
4680.39745403
4669.63835279
4403.55933941
4582.49420012
4627.30162705
4523.20778107
4716.46510847
4785.14268968
4658.42865852
4550.45808446
