4278.38600208
4312.69150267
4258.75634119
4264.61063828
4236.83183422
4165.93414493
4302.32252855
3997.89109519
3640.70172332
3893.37003888
3819.45137584
3787.01132861
3726.86092798
3586.39895138
3316.95090865
3502.97385821
3395.13502393
3160.24248601
3236.32974593
3224.78342759
2767.87448674
2797.1895679
3084.90993258
3017.26411671
3081.22373009
2939.44149776
2550.68267668
2810.91165382
2371.3254727
2804.06291708
2319.86911841
2771.72383109
2725.8896098
2914.81899257
2813.9798779
2658.03506449
4276.9567484
