22.0
76.5
182.0
428.3
501.5
500.1
500.3
500.3
500.2
500.1
500.1
500.1
500.1
500.1
500.1
500.1
500.1
500.0
500.1
500.1
500.0
500.0
500.1
500.0
500.0
500.1
500.1
500.0
500.0
500.0
500.1
500.1
500.0
500.1
500.0
500.0
500.0
500.0
500.0
500.1
500.0
520.7
574.2
656.8
684.4
800.5
800.1
800.2
800.1
800.0
800.0
800.1
800.1
800.0
800.0
800.1
800.1
800.0
800.0
800.1
800.0
800.1
800.0
800.1
800.0
800.0
800.0
800.0
800.1
800.0
800.0
800.0
800.0
800.0
800.0
800.0
800.0
800.0
800.0
800.1
800.0
800.0
800.0
800.1
800.1
800.0
800.0
800.0
836.6
862.5
887.0
910.2
957.3
983.2
1006.9
1033.5
1084.0
1100.8
1100.4
1100.4
1100.3
1100.1
1100.1
1100.1
1100.1
1100.1
1100.0
1100.0
1100.0
1100.1
1100.0
1100.1
1100.0
1100.0
1100.1
1100.1
1100.0
1100.0
1100.0
1100.0
1100.1
1100.0
1100.0
1100.1
1100.0
1100.0
1100.1
1100.0
1100.0
1100.0
1100.0
1100.0
1100.1
1100.0
1100.0
1100.1
1100.0
1100.0
1100.0
1100.0
