44.5
304.2
825.1
2061.9
2458.5
2631.0
2671.6
2712.2
2751.3
2794.4
2835.0
2882.6
2967.9
3046.1
3096.7
3134.3
3174.9
3346.9
3391.0
3665.8
3769.0
3836.7
3968.1
4015.2
4060.8
4250.9
4302.5
4348.6
4392.2
4429.8
4473.0
4656.5
5130.7
5168.8
5215.0
5393.4
5437.1
5514.3
5551.9
5684.2
5768.0
6141.5
6465.4
6960.7
7126.6
7939.3
8154.9
8286.3
8580.1
8695.4
8744.0
8829.8
8867.4
9008.7
9053.4
9097.5
9141.1
9188.2
9276.5
9322.6
9413.3
9460.5
9500.6
9540.7
9583.8
9668.0
9754.3
9950.3
9992.4
10034.5
10072.1
10200.0
10239.6
10324.8
10410.0
10447.6
10489.3
10617.1
10654.7
10699.8
10746.0
10788.6
10828.2
10992.1
11107.9
11191.7
11276.9
11364.1
11640.4
11795.8
11942.7
12081.1
12364.3
12519.3
12662.1
12821.6
13124.4
13281.3
13419.2
13461.8
13507.9
13558.6
13657.8
13706.0
13902.5
13945.1
14082.0
14398.4
14443.0
14488.1
14531.2
14709.2
14796.9
14839.5
14927.3
15011.5
15138.9
15180.5
15230.1
15277.7
15328.9
15377.0
15466.2
15508.4
15679.3
15766.1
15892.4
15933.5
15981.6
16020.2
16100.5
16146.1
16191.7
16233.8
16322.1
16369.2
16493.5
16580.8
16619.4
16762.3
