6078.17175685
4670.72521467
3300.50054826
5454.53976218
3977.01950191
4278.38600208
4312.69150267
4258.75634119
4264.61063828
4236.83183422
4165.93414493
4302.32252855
3997.89109519
3640.70172332
3893.37003888
3819.45137584
3787.01132861
3726.86092798
3586.39895138
3316.95090865
3502.97385821
3395.13502393
3160.24248601
3236.32974593
3224.78342759
2767.87448674
2797.1895679
3084.90993258
3017.26411671
3081.22373009
2939.44149776
2550.68267668
2810.91165382
2371.3254727
2804.06291708
2319.86911841
2771.72383109
2725.8896098
2914.81899257
2813.9798779
2658.03506449
4276.9567484
4941.80637346
5174.28129754
5634.69466216
4838.09404631
4768.20368312
4442.64718816
4155.05173899
4155.71201407
4217.79936713
3996.72759006
3965.29871409
3699.93332297
4015.70295144
3705.84957552
3712.3050328
3931.22781979
3951.99348084
3628.09345
3925.89476607
3850.75136991
3904.11429645
3693.94125856
3745.47167534
3742.21410346
3705.5659522
3817.41420697
3550.87036311
3694.85907228
3676.2634284
3725.43011545
3587.78279069
3755.71038192
3848.3687435
3595.71773113
3721.45653109
3613.3575601
3679.59305359
3331.30803368
3695.85704532
3887.6626197
3568.45054024
3391.18563632
3301.74914905
3549.96647508
3582.70126539
3495.6838642
5088.40362043
5644.23727484
5902.19144573
6036.06629454
6247.57188572
6426.0584224
6594.7765909
6712.38954377
7026.59937388
6088.96965604
5680.24704414
5465.96029899
5408.34903287
5710.08645173
5372.16529639
5338.95370713
5291.10547448
5058.55965755
5098.66096388
5048.6933419
4959.77633131
4964.69043658
4927.81311766
4885.56585235
4796.10147907
4768.18161679
4905.03231942
4472.70672208
4947.86051457
4724.73578964
4815.13623247
4771.98617031
4633.14504686
4596.97005723
4853.50287259
4425.30705595
4761.24397389
4643.25499278
4429.88569762
4580.54470766
4659.14572756
4877.52352476
4680.39745403
4669.63835279
4403.55933941
4582.49420012
4627.30162705
4523.20778107
4716.46510847
4785.14268968
4658.42865852
4550.45808446
